66.7410709316718
-37.9337718482285
85.471763677801
88.18633358046796
58.50924078360433
1.9383976465109072
-63.96788400509259
-14.237492074723292
93.66757384362558
-93.03700947841224
-55.174945395261865
68.01120109671504
35.26288997276578
50.39586510585326
42.57642341385363
16.091659081447148
-79.99146405974658
-61.30961669461339
-98.5615415412238
-99.56172960967962
-39.016245242026606
-49.16345984296917
13.222683424425455
-57.84936596225063
-83.76835350081058
-96.32378845057022
13.761401197515326
72.88802808816149
-85.98783840116042
49.941447602932385
54.341845941963754
-25.984673780043522
55.94165065613822
-43.445563851801296
55.60449340867021
-97.30466116175731
60.00451161677725
-33.87364819711914
38.02693402603069
-81.968882139333
10.60337283599948
-15.794932376119377
-46.96228450973041
-53.197298668611516
-38.65663855469652
73.59131075678309
88.22546181712298
72.41289782748296
53.52886224417662
26.93242255948212
-32.40539946237115
5.6656395957486865
48.15337184587946
66.70155502613622
-49.062076984767586
-98.06596317643607
-95.34781352659101
30.694615290207167
84.62808995652998
-72.72204343559663
49.19493693533258
-22.17878192622362
-96.55237775426815
67.16238074620807
-61.711619099902634
25.14321992855446
15.432416423333862
62.45835544013383
81.69252568394626
43.03191061211788
48.614582075100316
-85.27502280442096
-54.08724569550309
20.88842251647698
30.351787932157606
-5.408416388887133
46.994797455687376
58.34206234687528
28.843215751570312
29.382908564555038
80.68014973928405
71.69134477555329
-71.28653689840094
45.6805721200968
-46.78557960014427
-93.69614637668909
36.2671244401991
-10.0213961680562
-44.845273186912785
11.845983416018498
41.40772888408287
81.47045907889498
-3.003024444059548
7.142937293072777
-83.58489839854708
-92.10235898174955
26.103254262869214
-90.068890800812
52.62319311660207
-65.23245382900109
74.01859995660521
54.39371640656873
-55.64635208595541
-73.71312557280545
-32.50143042182671
70.58675050984448
55.86879469248194
-18.69242352694323
-44.4689390417375
28.346863067304895
-37.756008744569634
55.78046718730013
-65.45215882973237
53.955901712665735
84.85418641036136
-71.67819853730957
-42.750846240222764
-41.54498937692151
17.99351064183577
-38.94173407982093
38.00568329895782
-71.79551798524906
6.873050967412112
76.7759547036828
-96.76082828213588
-16.83473786358182
-38.03951240676451
-91.11181219032318
-54.294663552851375
-32.312619509852695
-78.87846736461144
-42.23338170908724
-90.7905643752949
95.35691685984781
-34.74584947029973
64.1632794256495
-9.306646008294805
-84.66521870931332
-90.73602713309907
-56.99637760325365
24.24901792352459
-87.55741740651833
26.27357238504034
-45.73731551983031
67.15705023295664
-31.87507135169048
-13.531834840335108
-23.083095784975598
89.44657798847825
-3.7324269336146614
4.269117542453557
6.412176558643239
-12.538457791212124
10.948630165342223
-43.73650756692298
37.40336024490577
-74.23182583185425
83.75783135264555
-48.819552612782836
22.841949383406643
-98.1391705846303
-76.8292864910835
74.97692487536477
-26.6433825818102
71.94321970417982
92.48748548145377
-93.9197415896804
79.28315895202437
32.82494265093766
37.029592146584264
59.8037523642808
-30.919376244371506
70.53307517218167
11.169763147239834
-15.65818766961911
73.33996866977773
18.182155684261318
41.99503342587704
-95.14722663365347
14.763238014030804
78.13396898512968
53.5447555993039
34.82403874014804
31.17077752456106
-33.6497894654336
16.14096996953269
64.16895959152299
-64.45104584247645
-7.730140015695369
27.968732575876842
-33.16224579550166
63.76264559061872
-80.06304533504441
-82.91077001945828
-87.72665898159566
22.32346059786201
-3.437266506409827
92.8748147252123
-88.63949045849479
35.41478878922388
20.42005872157067
16.272983930337915
49.208233153653595
11.384965806005852
82.08684778671878
-5.704690570981327
8.838994163476116
47.20706587606057
-19.97729355338889
40.22468832542029
-56.63298707696099
65.70883565207473
-31.72199800800722
-69.44841132679727
-59.76242727805949
19.860085395976697
22.096452096096016
-46.67578834837129
72.59528607058016
-30.892349611923706
41.05699250762797
33.93277881005895
72.51290394290271
-19.152903128277956
23.654936552249623
-16.310658978014786
-68.23541236801994
-16.63043421026171
47.63681241581307
58.634922445101466
82.18165906053136
3.4584220887915933
93.5871903368758
71.9036926161726
-22.773334214779965
36.378831936467265
5.977831095547501
-23.086795823025483
-42.47185200487096
46.0303929814996
98.03823401899768
-4.1710199477837335
62.89779492232631
16.453736427032183
71.71199675938885
-17.425667047072935
86.58299972707314
16.421355713074774
-44.25997295896104
-52.17623428984588
82.83002010995162
51.10246349370922
-87.45690626371432
98.08124093316911
50.66272960011028
-41.80707896652203
-71.45827898746086
90.4071885014697
-0.062212451344962005
-73.65612061472555
83.05376336054192
-16.858783616219597
28.359771451044082
56.6723152857831
13.398754725288725
-72.12074583877468
-15.118224555010755
56.08469172551571
-18.626187270724472
-50.544736871607384
-71.46056439170998
-31.06737581085173
-95.70133624197841
-47.385112964877464
-96.3371857739698
-60.019255198515076
-43.59000563300097
91.14442836644906
34.277122030227446
-43.22689694584607
12.528433723841715
0.7414497539891727
-10.84049364263393
46.27500274297137
76.75450564388763
-47.90494631298121
15.86792004914723
67.39270969230785
-66.78458421148525
-71.33677414405568
49.192844879026296
61.609411893741196
-29.468259986421884
-50.05758053989082
87.21886950246585
-14.693126427670194
61.56244467164399
7.6250191118835176
46.22710431152376
-14.728240728792358
54.14660054805526
-70.59270467376699
27.585966283561845
-95.83428798515097
-92.3903652045126
96.02186071104077
-52.45730052884019
17.546228964479965
25.585508312560208
-62.98036295779097
-78.67438176627826
72.5552406459243
-91.67201921140726
21.48193350078371
18.816812932355575
54.24180438015506
-72.57505765800295
32.09282165167957
40.488680058573635
75.80089945281455
92.28743257864153
-46.218327895350164
-86.86951596621435
34.128694507509266
-79.07620742701313
34.162221368072665
-74.14686026189065
22.328568825848265
79.87427617844693
95.84421627287719
-40.31486974373764
-47.885446993452604
-53.850538220245255
24.61863952777425
-72.28530534660484
79.06583072645844
-96.00007293502138
55.55559879917985
-72.31106729316696
-99.34071624925221
39.019785509198755
55.77964742407198
-1.0140099386263302
6.413176050437627
3.9362492119389145
11.33720523412181
37.16914013088035
65.02258107765593
71.83455336229969
28.97131269313806
86.1027915509344
52.54918974684418
-7.167668217436329
-52.05625737788559
82.81660879284567
92.80172454199317
-53.527333277358544
-75.63175976519479
-88.48970753917334
-40.73200748212502
85.6425168462695
92.7089843647536
98.60996170789036
-53.78605057297248
6.476672668060118
-44.886877737616125
13.783297960472169
57.94146893349776
26.270724626923098
77.28767449551461
-49.011157266097726
62.92290603885678
9.20274773958873
1.8238985615451497
38.92991426585468
-93.89505927226323
65.69490997428724
-31.35139140404017
2.0206810514294915
29.990923636725626
-80.03949905358208
-53.25627792407832
-57.37326051200788
-19.930311944301977
91.19540377288925
74.91041626269305
5.987437417039374
-4.0009976138563275
40.82450071914519
68.87152528817506
-52.91732762714416
12.552342527592828
-84.51594044788635
-51.07388960473642
13.831268856854223
47.205305075149596
-51.38733387029579
-93.93050563064085
-89.92167731190916
-58.99308996529029
82.7992159194124
-17.199557966877137
63.52421914377632
92.06403453336415
-33.44097373080386
71.89959431459212
1.7704638899399754
-0.4304924579913205
-51.776194175920274
79.47644439672223
-6.178342808884281
-13.458109321699908
67.33355884279857
-39.49276102476329
-85.6845377951136
-56.634836941588354
60.449370556167366
-43.881566431315086
-65.81265119034254
-75.33931579493888
-98.93185886207789
-26.19621570085056
-11.607624269449659
-83.90810173408477
-81.4057706093257
-59.61400876871619
48.733010441786234
-80.75674505296213
62.517844577702306
16.65334066290238
23.846172772100033
-97.3553686046689
-84.44431995183494
97.45510030201672
77.61329648974538
79.84496138860948
80.88265371514868
25.423952876842677
15.183675712058871
25.897237562911286
-40.24070493392049
-81.87964932253269
-0.43835109281454265
50.12289867311239
-27.391495264446235
13.942669336647256
96.95098294355381
-63.711528187767506
-4.85465542433829
-81.89993728747476
-38.255358284648075
-0.9710586352748294
-41.11865322865167
50.93745728867296
-95.63630085727675
57.218740192224686
-87.1870556973929
36.35635994716651
-50.83095964517981
-1.7875908391880273
73.14182088828787
-38.76478301179029
-30.463753863222777
-19.233588366255063
-66.4389218130468
-96.37503697551001
72.55420365989366
-60.01235862080363
11.86328616814643
-80.42691647636263
36.71927980920535
-15.599470570939957
-27.934196855353278
-30.25559258087192
-48.777092226882445
-12.656940641798428
-6.098152741864908
58.13451190761114
-40.50450560695338
-6.059134549442135
-1.3492040883370322
-36.473661846683925
-50.916759912754195
-53.896978820123785
42.37872839391511
49.181527210581265
36.121024456364864
-12.77135715434028
21.49953828244429
65.48258862791263
0.4892761219366122
26.757895218807278
40.434439801564764
-59.75239886364088
32.85491833491568
31.038258927747705
51.61032812133533
-37.49781010888158
73.20448383645706
-16.14289968031035
90.5720463831922
-0.33159391869637034
31.098501312902272
-95.51512178798147
79.74516920032502
51.45643943550732
87.44614032106983
-40.23589795237137
47.56194966386255
56.47066595545695
35.414777359020235
87.89075280787085
40.79912206312349
10.963045724791229
83.38792788664293
64.46296957187704
38.91364818189737
31.553305168710267
18.207911859428165
-62.248861474695346
-82.28288626663407
-96.80405766174125
80.44571618680118
-92.38902702904399
-72.48603491146318
85.155498637997
-45.79521222987866
76.2833297368476
-3.027147837536347
28.42537325501783
8.451875276515807
37.28584303713589
-87.79142704480533
28.325606083867058
-82.16368396911038
31.17053826399109
-56.946036229142116
58.61171740051333
49.467634409301525
-17.553763112821812
-32.90005425358282
68.34953537017418
38.95545665496914
-54.20517756083356
-80.51170516197513
-90.83880867077434
-38.834249918783456
13.215386836127948
19.469866526813945
78.9871319043107
26.687029737407016
73.0019976283962
-66.704630267908
-95.3546301811502
63.88877944381562
-60.84423251318496
-7.942380573160477
42.03706043348879
-74.96179584360598
-22.75116204949093
57.62455225298558
-52.20908437002001
-74.71712224637987
-69.0401160638333
-31.784446410920708
-32.744224061941736
34.643818988803844
27.908945639684333
-85.85480789420066
58.63386157060884
-59.381129126915155
-2.433217743622663
7.5835348110284855
-35.52731693333749
71.17729561027593
19.351659638847863
58.423048845229346
17.220684179894548
12.306059729247792
-79.17322713295849
70.65721869296385
4.588094136271906
-11.976246332897759
17.060633820761012
28.762423359034074
-6.316200665485908
74.9468551435414
-21.344408054748556
-71.78318649208106
31.71104321065664
-45.2796366450116
-46.520354732684055
52.57894778937589
-9.494431119824881
0.6199453744418548
63.87511215545521
25.9736366853718
76.14059147584024
-55.776071644387805
-95.90827175879475
57.92004928815854
-80.0676449904343
-30.222553554999692
-48.59661398180695
83.12710837123109
57.7838098165939
-43.02415755983296
76.26625107443604
-28.841069425975036
-89.3616122852447
-54.32118746977375
-34.15023541419767
-11.722851788770456
24.313563627143367
-99.38048836310406
30.075253557931063
-27.397233535513266
-69.04499932274905
49.513489673039146
-72.4091081445703
52.892532861374065
-8.643559864407763
-53.70889619148001
32.01857229860704
-47.02251165176452
53.442327295908
-39.40260520944994
-11.093293477387618
-60.84344683053542
-52.82789826839207
-83.47583238252525
-63.75368910423032
-1.128327134070446
31.448731068161152
99.40395902861513
-18.2338575957087
-84.22839921358074
-88.24646905819982
-69.87358037545492
0.08857423522835006
77.28627218734408
-6.763079825139158
-95.1297157953386
-86.1398967412706
-6.0220605060656425
78.08074935682532
-93.89848515487742
-46.244255788340126
-93.3179348952253
-17.876201687774113
12.805728266753789
-64.49171017797411
92.84352717766424
-86.98446660483847
-91.13152323698901
-0.7983672004907305
-36.57827053691405
65.64534749406431
-2.2856894579521736
-72.43689642141602
-37.38676873324032
-85.71543464217532
-83.66558942005211
33.878958712852864
84.16084399722865
13.204410349377966
57.923019500220505
-22.408888154017674
44.916025247343754
-66.83175943739877
81.26062851079712
34.660344515232595
-92.33792167330255
-57.1052152178017
-63.18880085130281
-60.33081515516692
-69.61263968174978
-37.314684441721255
64.27696206536231
41.94167284111185
-97.38956418022084
96.62503344533019
-13.92338514426335
-38.03664667446769
91.86827269183678
35.08613446199763
55.10753102657981
-78.61816356525256
48.506818907787135
64.20516690062138
-80.37305896870998
-51.89757815580476
-14.206498674774963
1.9665508145304358
80.87685937294418
37.145438237361844
67.99781226321986
-36.04524797481679
-46.4167108908559
-60.783905637660254
-20.92414371094992
-7.588703701393399
-93.33177382819842
-60.223443689395054
2.2489989371693895
55.24722439993275
26.25514172767285
99.31879404128895
42.89829064112226
-52.23495426331128
24.456146505629775
13.76220715778193
37.64053639345707
-21.853029223930818
-53.56766973478966
26.64062989089753
-36.60486938171945
-77.75639558352353
-24.2327241301805
-68.66726577438844
-20.67543935779173
94.70730210224977
27.180757842837153
-66.30855314948593
27.715592404766227
-0.2804528380978155
-83.05274044808941
-34.891102127054936
1.2047121722727354
12.169521256058701
96.65443905874557
-87.31004637594341
57.69486878605758
53.612790815682814
-96.83559454202637
3.593129276630151
-56.646130265016396
-12.459274592952823
67.93232264094183
10.072840372983933
-16.776909176607163
-41.66345442147219
19.713687700777143
-84.99287463851262
33.949729058850465
-40.56745331158853
97.95366527135442
36.238335523642206
-89.12906869406746
22.31002452198129
18.175433248092503
-73.96361160868288
-17.939369515136946
-13.059561083015737
70.49807333334454
69.03464751057942
36.8015233577201
-66.4533328318516
35.39653842744178
-54.3505113415351
-81.42045997659177
-60.60578202040896
24.23963289279365
-49.758772090435485
-16.604860938075248
61.64331081540851
-60.38732568804055
-17.77725438119424
25.724773390087407
-3.9071279124102745
-59.01964845835019
-36.24025620099194
88.3254671868942
24.108699624584858
37.64945239434269
-18.875667558213934
-75.6982216696431
-86.92294164894754
-41.599862800591495
34.68579951815727
-7.7095908969354525
28.49866219246306
82.85571899099014
4.190802345228832
-2.4851603772862347
44.47149832150805
-84.6187728894119
30.27759131145146
13.918528626040441
-34.335140791405934
29.145529940435722
-15.29312427916804
-17.650792975151063
-83.60771566855834
-18.773663763052454
-98.24284146475175
-70.1666842503353
-78.71177080489078
-22.114237698704216
-17.94766718368561
-44.347685776485136
7.121987512410996
92.56577865301963
-24.73137945074464
28.69104148788196
57.79859440177279
-56.0275698617378
78.1655239971173
-14.418774706152362
65.79782004481476
-58.130659113105466
-2.3910301318617257
-43.57838687393305
